832
606 398
804 482
561 674
273 117
373 108
3 8
482 554
641 40
63 136
556 419
148 167
561 11
286 593
529 494
64 281
673 216
709 105
20 645
121 21
253 304
84 11
65 45
71 9
124 8
2 9
609 44
567 225
188 81
36 23
157 277
523 72
7 56
45 285
83 752
379 252
691 523
125 195
197 15
221 340
86 242
706 342
235 72
619 126
107 18
254 223
98 16
154 565
725 286
185 105
559 825
382 287
574 144
200 48
728 404
225 303
50 118
233 87
160 135
517 805
756 16
310 575
112 147
3 2
286 478
318 83
113 741
434 257
366 64
13 41
72 672
10 40
186 537
459 72
182 73
780 330
665 256
641 736
58 227
328 587
21 116
501 527
233 675
394 115
800 645
18 150
155 103
38 302
221 82
108 157
127 80
603 438
19 797
1 113
400 171
53 292
405 91
792 808
355 308
712 598
109 44
112 85
49 695
25 205
203 253
707 216
812 54
28 600
380 375
781 367
392 241
599 517
280 5
783 182
289 80
170 19
551 454
521 177
177 437
474 455
342 28
184 264
512 243
552 87
591 62
159 89
307 586
588 169
510 29
111 129
513 533
104 148
92 68
40 47
770 733
4 81
358 275
52 180
435 460
88 153
413 166
253 421
14 282
403 147
223 182
448 341
11 297
784 15
778 420
543 111
18 26
168 149
488 256
607 453
133 1
10 803
396 596
130 681
152 511
167 211
419 30
831 539
347 656
51 33
179 458
44 184
180 727
663 65
188 470
10 4
815 18
87 501
139 367
271 252
176 391
53 64
303 761
438 508
217 127
262 104
309 327
365 242
332 331
266 100
324 640
287 178
55 163
638 372
699 513
829 677
450 153
357 46
319 360
806 96
39 154
27 441
141 431
142 239
54 52
7 359
50 108
171 259
177 256
133 401
250 718
689 730
336 11
486 92
615 572
735 692
343 281
285 577
666 585
28 35
605 302
579 628
183 105
236 182
300 199
40 204
9 37
141 231
279 83
541 704
6 218
303 446
82 55
18 85
48 95
417 160
230 160
316 794
353 224
13 88
49 250
215 160
439 23
15 52
152 194
284 95
200 429
705 369
734 411
740 414
3 189
723 395
767 72
139 94
402 285
174 42
7 187
290 339
86 258
792 530
576 509
507 433
498 53
94 347
367 560
37 158
52 114
590 410
64 119
110 67
271 325
125 765
3 60
686 678
22 493
661 297
34 654
215 768
294 305
73 44
198 7
131 293
348 397
184 310
344 281
66 179
416 126
108 729
582 515
150 517
320 372
631 263
652 571
130 40
648 411
30 125
253 265
19 2
29 7
775 431
431 436
290 242
52 77
39 30
529 530
335 200
823 647
345 233
35 49
503 103
418 30
572 10
5 268
55 714
45 202
796 25
304 733
814 386
813 458
398 438
100 33
20 643
190 788
469 285
476 137
629 246
826 92
214 408
12 20
120 93
461 67
260 35
353 522
110 176
80 56
754 725
85 196
64 743
13 17
306 108
636 335
370 38
328 155
145 559
380 694
62 341
126 162
414 44
679 10
192 125
63 2
486 563
410 304
458 570
172 247
168 594
47 66
147 495
666 715
109 480
73 642
181 112
61 793
162 234
87 71
832 286
367 386
153 766
222 1
114 122
657 497
505 268
106 687
53 37
369 277
308 222
550 249
94 16
389 280
210 119
13 28
32 15
23 15
288 612
676 459
43 442
25 24
626 779
435 202
547 485
212 151
362 166
138 667
323 16
398 178
407 692
580 182
433 697
399 216
430 602
731 321
120 313
86 42
257 176
193 186
760 434
237 47
372 427
22 14
18 611
776 648
132 74
693 70
499 465
224 451
338 300
190 150
610 795
199 320
568 528
321 117
497 187
72 101
684 27
647 169
211 407
811 671
29 31
409 268
415 468
633 252
494 195
56 346
384 168
96 39
546 78
317 433
506 349
622 364
283 329
97 126
120 624
9 12
21 6
158 710
506 690
189 513
123 63
361 720
668 571
243 100
773 583
592 80
724 311
62 278
13 564
50 270
650 87
315 44
219 215
78 790
131 241
207 50
115 161
272 316
516 21
294 368
675 769
16 46
601 439
655 652
418 579
116 443
117 50
456 171
324 361
58 48
218 817
311 330
334 217
83 708
281 664
286 146
601 651
472 408
90 44
143 86
557 739
72 31
689 245
243 275
51 634
234 471
683 472
356 764
578 45
688 592
440 787
177 387
820 291
71 541
371 103
597 356
635 698
209 682
354 210
13 644
361 462
67 2
412 27
621 303
11 538
89 27
424 515
359 377
68 48
129 390
5 11
610 109
322 131
750 356
460 465
819 474
276 18
111 30
680 610
368 518
212 245
312 142
216 5
618 36
562 216
110 759
691 713
105 46
337 25
38 191
351 125
167 375
152 203
590 753
252 13
188 526
256 423
545 419
197 428
430 94
585 498
669 57
128 39
677 543
7 24
83 261
447 432
103 96
711 576
809 597
44 23
199 80
670 132
782 254
124 224
685 402
169 220
153 801
69 39
328 331
327 726
287 539
31 314
5 14
115 807
719 23
24 45
25 531
136 700
5 4
635 404
59 55
99 69
129 269
555 111
376 86
537 763
305 524
1 4
623 508
313 589
164 103
414 496
595 211
432 396
181 319
659 102
317 262
210 349
55 16
721 649
148 294
206 184
32 79
755 431
144 80
238 79
352 535
179 509
44 504
209 88
266 757
452 224
348 2
272 3
639 104
214 74
48 40
142 60
97 61
395 139
311 584
802 531
583 658
14 475
248 190
33 2
558 458
482 244
502 330
115 145
370 702
30 8
117 311
156 26
70 48
295 748
352 121
149 17
190 283
76 34
316 830
566 122
553 218
440 742
575 746
444 215
197 491
246 385
818 479
393 381
30 78
176 249
785 771
394 420
824 548
531 777
438 722
172 213
615 632
113 175
306 487
237 534
614 237
40 42
440 354
771 77
142 246
49 178
140 125
375 525
662 303
483 15
229 7
171 60
251 226
45 296
479 367
146 115
225 255
625 737
653 316
485 325
581 577
15 102
422 39
660 55
751 726
41 138
490 409
617 160
678 467
115 88
488 532
519 402
14 18
137 77
627 758
62 169
93 80
110 131
201 455
449 71
2 1
6 5
524 557
821 688
19 649
5 43
492 262
324 289
51 104
74 72
745 658
500 432
10 356
208 192
598 454
128 173
514 51
307 111
716 261
316 703
481 47
732 421
131 309
351 620
437 544
791 424
34 50
226 219
152 100
671 239
425 60
498 738
381 253
274 265
415 265
167 201
13 4
240 167
41 151
10 15
614 744
6 186
9 34
326 43
328 424
21 62
165 80
9 75
16 3
646 486
135 59
247 288
627 203
42 299
473 133
569 36
378 26
388 222
524 828
55 228
608 395
55 571
333 583
263 2
798 176
789 779
520 479
175 466
520 616
396 238
301 76
409 822
604 71
56 57
3 267
301 463
262 291
519 816
383 212
415 489
166 83
420 484
536 250
52 747
626 398
353 573
167 406
401 454
353 613
298 247
232 15
